0.16667   
0.30556   
0.4213   
0.51775   
0.59812   
0.6651   
0.72092   
0.76743   
0.80619   
0.83849   
0.86541   
0.88784   
0.90654   
0.92211   
0.93509   
0.94591   
0.95493   
0.96244   
0.9687   
0.97392   
0.97826   
0.98189   
0.98491   
0.98742   
0.98952   
0.99127   
0.99272   
0.99393   
0.99494   
0.99579   
0.99649   
0.99707   
0.99756   
0.99797   
0.99831   
0.99859   
0.99882   
0.99902   
0.99918   
0.99932   
0.83277   
0.69397   
0.57831   
0.48193   
0.4016   
0.33467   
0.27889   
0.23241   
0.19367   
0.1614   
0.1345   
0.11208   
0.093399   
0.077835   
0.06486   
0.054051   
0.045042   
0.037536   
0.031281   
0.026067   
0.021723   
0.018102   
0.015084   
0.01257   
0.010476   
0.00873   
0.007275   
0.006063   
0.005052   
0.004209   
0.003507   
0.002925   
0.002436   
0.002031   
0.001692   
0.00141   
0.001176   
0.000978   
0.000816   
0.000681   
0.5   
0.91667   
1.2639   
1.5532   
1.7944   
1.9953   
2.1628   
2.3023   
2.4186   
2.5155   
2.5962   
2.6635   
2.7196   
2.7663   
2.8053   
2.8377   
2.8648   
2.8873   
2.9061   
2.9217   
2.9348   
2.9457   
2.9547   
2.9623   
2.9686   
2.9738   
2.9782   
2.9818   
2.9848   
2.9874   
2.9895   
2.9912   
2.9927   
2.9939   
2.9949   
2.9958   
2.9965   
2.9971   
2.9976   
2.998   
2.4983   
2.0819   
1.7349   
1.4458   
1.2048   
1.004   
0.83668   
0.69723   
0.58103   
0.48419   
0.40349   
0.33624   
0.2802   
0.2335   
0.19458   
0.16215   
0.13513   
0.11261   
0.09384   
0.078198   
0.065166   
0.054306   
0.045255   
0.037713   
0.031425   
0.02619   
0.021825   
0.018186   
0.015156   
0.01263   
0.010524   
0.008772   
0.007308   
0.00609   
0.005076   
0.00423   
0.003525   
0.002937   
0.002448   
0.00204   
