1   0   
1   0.16667   
1   0.30556   
1   0.4213   
1   0.51775   
1   0.59812   
1   0.6651   
1   0.72092   
1   0.76743   
1   0.80619   
1   0.83849   
1   0.86541   
1   0.88784   
1   0.90654   
1   0.92211   
1   0.93509   
1   0.94591   
1   0.95493   
1   0.96244   
1   0.9687   
1   0.97392   
1   0.97826   
1   0.98189   
1   0.98491   
1   0.98742   
1   0.98952   
1   0.99127   
1   0.99272   
1   0.99393   
1   0.99494   
1   0.99579   
1   0.99649   
1   0.99707   
1   0.99756   
1   0.99797   
1   0.99831   
1   0.99859   
1   0.99882   
1   0.99902   
1   0.99918   
0   0.99932   
0   0.83277   
0   0.69397   
0   0.57831   
0   0.48193   
0   0.4016   
0   0.33467   
0   0.27889   
0   0.23241   
0   0.19367   
0   0.1614   
0   0.1345   
0   0.11208   
0   0.093399   
0   0.077835   
0   0.06486   
0   0.054051   
0   0.045042   
0   0.037536   
0   0.031281   
0   0.026067   
0   0.021723   
0   0.018102   
0   0.015084   
0   0.01257   
0   0.010476   
0   0.00873   
0   0.007275   
0   0.006063   
0   0.005052   
0   0.004209   
0   0.003507   
0   0.002925   
0   0.002436   
0   0.002031   
0   0.001692   
0   0.00141   
0   0.001176   
0   0.000978   
0   0.000816   
3   0   
3   0.5   
3   0.91667   
3   1.2639   
3   1.5532   
3   1.7944   
3   1.9953   
3   2.1628   
3   2.3023   
3   2.4186   
3   2.5155   
3   2.5962   
3   2.6635   
3   2.7196   
3   2.7663   
3   2.8053   
3   2.8377   
3   2.8648   
3   2.8873   
3   2.9061   
3   2.9217   
3   2.9348   
3   2.9457   
3   2.9547   
3   2.9623   
3   2.9686   
3   2.9738   
3   2.9782   
3   2.9818   
3   2.9848   
3   2.9874   
3   2.9895   
3   2.9912   
3   2.9927   
3   2.9939   
3   2.9949   
3   2.9958   
3   2.9965   
3   2.9971   
3   2.9976   
0   2.998   
0   2.4983   
0   2.0819   
0   1.7349   
0   1.4458   
0   1.2048   
0   1.004   
0   0.83668   
0   0.69723   
0   0.58103   
0   0.48419   
0   0.40349   
0   0.33624   
0   0.2802   
0   0.2335   
0   0.19458   
0   0.16215   
0   0.13513   
0   0.11261   
0   0.09384   
0   0.078198   
0   0.065166   
0   0.054306   
0   0.045255   
0   0.037713   
0   0.031425   
0   0.02619   
0   0.021825   
0   0.018186   
0   0.015156   
0   0.01263   
0   0.010524   
0   0.008772   
0   0.007308   
0   0.00609   
0   0.005076   
0   0.00423   
0   0.003525   
0   0.002937   
0   0.002448   
